scrp_date,scrp_time,genre_en,genre_jp,rank,media_jp,title,comment,link,date_original
2024-08-11,22:07,business,経済,1,マネーポストWEB,「銅」のゴルフ・松山が600万円で「金」のやり投げ北口は300万円、「銀」の卓球女子は0円！　パリ五輪「メダル獲得で得られるお金」は競技間で大きな格差,99,https://news.yahoo.co.jp/articles/132a43720cf116db8af1a6bef780872d73ab0a86,8/11(日) 11:15
2024-08-11,22:07,business,経済,2,時事通信,円急騰、不安定な相場展開　「円キャリー」縮小　1カ月で20円上昇,49,https://news.yahoo.co.jp/articles/1ddf9862220e0996b6ae6497c5d64732598ce880,8/11(日) 7:04
2024-08-11,22:07,business,経済,3,ファイナンシャルフィールド,生活保護を受給中ですが、「エアコン」が故障してしまいました。買い替えは「自費」になりますか？ エアコン代を払うのはキツイです…,42,https://news.yahoo.co.jp/articles/2427a5f12fab82b0e94664a17aacbdddb9ebfbb0,8/11(日) 13:50
2024-08-11,22:07,business,経済,4,ABEMA TIMES,日経平均の乱高下に堀江貴文氏「今回の下げで売った人は投資センスがない。やめた方がいい」,22,https://news.yahoo.co.jp/articles/c7af17e5984816c5d1ff4fa6f69f624c85c3f490,8/11(日) 11:02
2024-08-11,22:07,business,経済,5,ねとらぼ,南海トラフ地震注意で寝台特急「サンライズ」が運休→12夜連続で乗ろうとしていた人が「全部パーに」「焦りと絶望感、どうしよう」,20,https://news.yahoo.co.jp/articles/c4e9a10cf9ebf2e14ea00c9ff455208d82b8f735,8/11(日) 12:00
2024-08-11,22:07,business,経済,6,ダイヤモンド・オンライン,「誰もやりたがらない仕事」を希望した若手社員の驚きの30年後,18,https://news.yahoo.co.jp/articles/2b8dbbbac1151b710c8cdb7aa5573972a532d428,8/11(日) 6:02
2024-08-11,22:07,business,経済,7,みんかぶマガジン,フランス哲学者「パリ五輪開会式を批判する人は無知すぎる」…心憎いほどに計算された演出に「フランスはまだまだ健在だ！」,18,https://news.yahoo.co.jp/articles/da71e5197bc1f4fe7cc55ddf2271e4895af6fc59,8/11(日) 9:10
2024-08-11,22:07,business,経済,8,＆GP,横断歩道の前で歩行者が「先にどうぞ」と合図したのでそのまま進行した場合、どうなる？,17,https://news.yahoo.co.jp/articles/335db2a21b2ef5af7a7d881e339c2f8a816dd1c7,8/11(日) 20:00
2024-08-11,22:07,business,経済,9,Auto Messe Web,真夏に約10℃も温度をダウン！ 日産が研究中の「自動車用自己放射冷却塗装」は車中の暑さの救世主になる!? 仕組みと今後の課題を報告します,15,https://news.yahoo.co.jp/articles/6a07fa46bd01c5c0cdac022497c831128146217b,8/11(日) 20:10
2024-08-11,22:07,business,経済,10,ベストカーWeb,ガソリン車が生き残る!? 日産が2030年までに全車種で低CO2アルミに置き換え,12,https://news.yahoo.co.jp/articles/c7c3bb00379608a33a70e0323f0fc23ce781de06,8/11(日) 21:00
2024-08-11,22:07,business,経済,11,MotorFan,ギガキャストへの「迷い」の中身、日本勢いまでも思案中の理由,12,https://news.yahoo.co.jp/articles/9de7e15cbdfc15363e17b5dc60d2bb0e28082f98,8/11(日) 18:56
2024-08-11,22:07,business,経済,12,くるまのニュース,ホンダ次期型「フィット」どうなる？ デビュー4年目の「コンパクトカー」どう進化する？ 「大人気モデル」の変化予想に期待集まる,12,https://news.yahoo.co.jp/articles/67a4cb68c8ac2fa907bb4a1832a594b87a0afad2,8/11(日) 19:10
2024-08-11,22:07,business,経済,13,乗りものニュース,「我ニ追イツク敵機無シ！」旧海軍の高速機「彩雲」レストア中の激レア姿 今しか見られないかも,11,https://news.yahoo.co.jp/articles/e62cdef6af690caa80f2a55cd1b3b6b14027dc54,8/11(日) 19:12
2024-08-11,22:07,business,経済,14,マネーポストWEB,【10月から「はがき85円」に】郵便料金を値上げしても“焼け石に水”　郵便事業の赤字896億円を抱える日本郵便の苦境,11,https://news.yahoo.co.jp/articles/acea57fa1d9cc543e43f7a44143685828139a36a,8/11(日) 7:15
2024-08-11,22:07,business,経済,15,＆GP,価格の高騰でタイヤ交換も一苦労…海外製の激安タイヤは性能が低くて結局、損するの？,11,https://news.yahoo.co.jp/articles/1f150c868e6bf6fbf2fed2d7eda816620feda5f4,8/11(日) 7:31
2024-08-11,22:07,business,経済,16,LIMO,加給年金に「不公平」の声で制度廃止？2025年の年金改正に向けて議論されている内容をおさらい,10,https://news.yahoo.co.jp/articles/175e9551ac10dd45b875051576bf135465ff4335,8/11(日) 20:22
2024-08-11,22:07,business,経済,17,東洋経済オンライン,堀江貴文「日本は宇宙産業で世界トップになれる」　もとからある日本の優位性をもって世界と戦える,9,https://news.yahoo.co.jp/articles/c274248c0e2445973c49ae8b04fec5d39e3788df,8/11(日) 17:32
2024-08-11,22:07,business,経済,18,Bloomberg,ハリス氏、大統領就任の場合ＦＲＢに干渉せず－トランプ氏と対照的,9,https://news.yahoo.co.jp/articles/7e59d2570ab627d3a3b3505920fda8175793e574,8/11(日) 13:54
2024-08-11,22:07,business,経済,19,WEB CARTOP,知られざるトラックの荷室の中！　重い荷物を格段にラクにする「ジョルダーレール」とは,9,https://news.yahoo.co.jp/articles/4116c9fc2d898b34dd9db6c40592c4ceab36060c,8/11(日) 20:10
2024-08-11,22:07,business,経済,20,くるまのニュース,街にあふれるトヨタ「ハリアー」“高額車”なのにみんなどうやって買ってるの？ 実は「安く買える秘訣」存在？ ほぼ半数が選ぶ「意外な購入方法」とは,8,https://news.yahoo.co.jp/articles/e081d76834d33ce25d27c7f588e0dd2972445cb4,8/11(日) 11:10
2024-08-11,22:07,business,経済,21,鉄道コム,「京急本線」はあっても「京王本線」はありません！　「〇〇本線」がある会社とない会社,8,https://news.yahoo.co.jp/articles/de60d63e72c1a8303f4848f6a1df930d735bab2f,8/11(日) 10:35
2024-08-11,22:07,business,経済,22,現代ビジネス,人口が増え続けていた名古屋と他の大都市との「決定的な違い」,8,https://news.yahoo.co.jp/articles/e6e8eb785e3e01663749d488ecbf56b8e6212270,8/11(日) 8:00
2024-08-11,22:07,business,経済,23,WEB CARTOP,晴天時のバックフォグ点灯は絶対やめるべき迷惑行為！　じゃあ明るさを求めて晴天時にフロントフォグを点灯するのはアリ？,8,https://news.yahoo.co.jp/articles/e6f2b8926c9de23d0bac0e231c194d77a2af76e3,8/11(日) 11:50
2024-08-11,22:07,business,経済,24,JBpress,株価・ドル円が乱高下、日銀「利上げのロジック」は？植田総裁が異例の“謝罪”に込めた思い、次の利上げはいつに,8,https://news.yahoo.co.jp/articles/06861c6e374507f0f3626b73cea4b80153583b75,8/11(日) 10:21
2024-08-11,22:07,business,経済,25,ベストカーWeb,日本では[プリウス]タイプのハイブリッドが燃費最強!? でも欧州でディーゼルが流行ってるワケ,8,https://news.yahoo.co.jp/articles/a1d09c3b9eae7e885fef978bc2d5aa0279a706c8,8/11(日) 17:00
2024-08-11,22:07,business,経済,26,ダイヤモンド・オンライン,株価乱高下で“お祈り”ムードの「新NISA民」が学ぶべき、最も賢い戦術とは,8,https://news.yahoo.co.jp/articles/e6f77a080272b5a8cbe969c6e73700300b744d8e,8/11(日) 9:02
2024-08-11,22:07,business,経済,27,乗りものニュース,東シナ海を守るため！ 大型巡視船「ごとう」進水 長崎県に大きく関係,7,https://news.yahoo.co.jp/articles/669b7f6d1efe6db98f26e8b7444bd7aeba4bbefc,8/11(日) 12:42
2024-08-11,22:07,business,経済,28,ファイナンシャルフィールド,マイナ保険証を使うと「医療費」が安くなる？早く切り替えた方がいいの？,7,https://news.yahoo.co.jp/articles/cdfe99d9db29da25e72b5ee19dc1dbfae76fa44d,8/11(日) 14:40
2024-08-11,22:07,business,経済,29,ダイヤモンド・ザイ,新NISAで人気のインド株型投資信託！ 「イーストスプリング・インド消費関連ファンド」で人口増加と消費拡大の恩恵を享受しよう,6,https://news.yahoo.co.jp/articles/6d3c000fcf4214b228377d1668cb8222aa078697,8/11(日) 21:11
2024-08-11,22:07,business,経済,30,乗りものニュース,青春18きっぷで乗りたい「奇跡の長距離・長時間普通列車」東海編 “隠れ長距離鈍行”がある！,6,https://news.yahoo.co.jp/articles/65f520a886b7fca7204472cc3be6deb4ab4b7b9c,8/11(日) 7:12
2024-08-11,22:07,business,経済,31,くるまのニュース,なぜ登山者数「世界イチの山」で採用？ 影のサポート役に「スズキ車」 ジムニーでなくクロスビー使う理由は,6,https://news.yahoo.co.jp/articles/0bff1221be24d2c71baa25999b28335fdd0eb0dd,8/11(日) 8:10
2024-08-11,22:07,business,経済,32,時事通信,排せつケア市場が拡大　超高齢化到来、商品多様に　メーカー各社,6,https://news.yahoo.co.jp/articles/8dea18181cf7b733b38b2985447b95f19a8b9e7a,8/11(日) 19:08
2024-08-11,22:07,business,経済,33,withnews,お店で見かける「ハートランド」、実は国産ビールです　発売38年で広告もほぼなし…理由をキリンに聞いた,6,https://news.yahoo.co.jp/articles/bd278ce0b32d24c0ab27551d716580e6d8c68847,8/11(日) 7:00
2024-08-11,22:07,business,経済,34,LIMO,富裕層と一般人の違い3選。日本における富裕層の割合は何パーセントか,5,https://news.yahoo.co.jp/articles/efafa621a054b824e7188142e131a3bf18099a1a,8/11(日) 20:17
2024-08-11,22:07,business,経済,35,まいどなニュース,【国際化が決まり注目】神戸空港～大阪駅を70分で直通　乗り換え不要…リムジンバスでの“快適アクセス”を実際に体験,5,https://news.yahoo.co.jp/articles/813c36fe73969219f3e9601a884cc49ee8d5be4d,8/11(日) 20:00
2024-08-11,22:07,business,経済,36,THE GOLD ONLINE（ゴールドオンライン）,年金はアテにならないから…頑張って「1億円」貯めた、鬼の節約家の71歳・元先生。なぜかリタイア後、あっという間に「貯金がなくなった理由」【CFPの助言】,5,https://news.yahoo.co.jp/articles/9f2ce08c43a412266ae4951e270eefc429e15920,8/11(日) 10:32
2024-08-11,22:07,business,経済,37,Webモーターマガジン,【写真蔵】スズキの新型コンパクトSUV「フロンクス」は2024年秋に発売予定,5,https://news.yahoo.co.jp/articles/a8c27d89fd1cb747d089b9bfe5cc30d95af4dd7b,8/11(日) 15:20
2024-08-11,22:07,business,経済,38,ベストカーWeb,大型トラック5台分をイッキに運ぶ!! 輸送力減少を補うヤマトグループの貨物専用機が運行区間を拡大!,5,https://news.yahoo.co.jp/articles/a9e46955904e62e5ea4d690de630b937598000e7,8/11(日) 10:00
2024-08-11,22:07,business,経済,39,WEB CARTOP,暑いし水を使うからちょうどいい……は間違い！　真夏の炎天下洗車はクルマにダメージを与えるNG行為だった,5,https://news.yahoo.co.jp/articles/810d92e6a068afe9724841603f55f939a64a9345,8/11(日) 17:40
2024-08-11,22:07,business,経済,40,乗りものニュース,「パトリオット PAC-3」需要増加でボーイングが緊急増産を発表！ 日本のライセンス生産にも大きな影響？,5,https://news.yahoo.co.jp/articles/8318d5c920a8ac3212a86c1ac65ae0e9398ef7f6,8/11(日) 15:42
