scrp_date,scrp_time,genre_en,genre_jp,rank,media_jp,title,comment,link,date_original
2025-12-10,00:09,life,ライフ,1,まいどなニュース,車椅子ユーザー、セルフで給油できず「代わりに入れてもらえますか？」→「無理ですね」鼻で笑って断ったガソリンスタンド,158,https://news.yahoo.co.jp/articles/3b719722dbf795b770f08d8ebb3c14c890af23c4,12/9(火) 14:46
2025-12-10,00:09,life,ライフ,2,THE GOLD ONLINE（ゴールドオンライン）,「土に触れて、人生を見つめ直したい」…理想を抱いて移住した夫婦が迎えた“2年後の現実”,111,https://news.yahoo.co.jp/articles/5e2bf169747e45a3290f9b69e8eb90727e33efda,12/9(火) 12:27
2025-12-10,00:09,life,ライフ,3,週刊SPA!,「もうキモくてキモくて…」29歳女性が語る“おぢアタック”の実態。「俺ならイケるかも」勘違いする中年男性には共通点が,106,https://news.yahoo.co.jp/articles/740e6c8920c156b633a77296ab1ea6d0b4eccc0e,12/9(火) 15:54
2025-12-10,00:09,life,ライフ,4,ファイナンシャルフィールド,お酒が飲めないけど会社の飲み会に参加し、「1人8000円」でした。参加者全員で“割り勘”だったのですが普通ですか？,48,https://news.yahoo.co.jp/articles/4db9bf66c15809f29c40d0ca23dfb9f033f16ed9,12/9(火) 14:40
2025-12-10,00:09,life,ライフ,5,THE GOLD ONLINE（ゴールドオンライン）,「父さんが死んだら終わりだ…」年金月20万円で養われた52歳息子の誤算。役所で「生活保護は無理」と告げられた理由,35,https://news.yahoo.co.jp/articles/df43ff36b63dac36431478d7a656c73eb7cb87de,12/9(火) 5:00
2025-12-10,00:09,life,ライフ,6,FORZA STYLE,「初めての相手は49歳」娘から見せられた「彼氏の写真」に母動揺。24歳の娘はフツーのおじさんの何が良かったのか【専門家助言】,34,https://news.yahoo.co.jp/articles/aaded75b41bc57fb48edcddb274816a535175cbc,12/9(火) 21:00
2025-12-10,00:09,life,ライフ,7,All About,Q.保険証をマイナ保険証にしたくありません。どうすればよいですか？,30,https://news.yahoo.co.jp/articles/2b5354020aeddf36e71b60005fd6f66ed32dc0d6,12/9(火) 21:50
2025-12-10,00:09,life,ライフ,8,All About,ANA「介護割引」廃止は「経済的にかなり痛い」「とても困る」と悲痛の声も。超高齢社会の今なぜ？,26,https://news.yahoo.co.jp/articles/9a3aa0c7da87585d73f9984c81a905649a148027,12/9(火) 19:45
2025-12-10,00:09,life,ライフ,9,まいどなニュース,「都民への罰」と呼ばれる理由を知りたくて……東京で初体験したスーパー「まいばすけっと」の感想は？,25,https://news.yahoo.co.jp/articles/751859ecde55be1b059dc8cf8665b66bb4a599eb,12/9(火) 18:40
2025-12-10,00:09,life,ライフ,10,KURU KURA（くるくら）,国沢光宏がBYDの新型PHEVに試乗！「シーライオン6」を侮るな。日本車にも負けない強みとは？ 文句があるなら乗って言え！,23,https://news.yahoo.co.jp/articles/8f6bba5e08d5b19e05b5eaa55d8c39ac0fa857a7,12/9(火) 13:10
2025-12-10,00:09,life,ライフ,11,まいどなニュース,焼肉食べ放題で、会計のときに言われた「食べ残しは罰金1000円」　レジ横の貼り紙だけって……これはアリなの？【弁護士が解説】,21,https://news.yahoo.co.jp/articles/f01a6daaba2d683cbf1fdfc3533e5a87c4eb2e4d,12/9(火) 12:10
2025-12-10,00:09,life,ライフ,12,FORZA STYLE,「9年ぶりの妊娠産むべきか」46歳母が頭を悩ませる本当の「理由」。予期せぬ妊娠の裏にある性教育格差【専門家助言】,20,https://news.yahoo.co.jp/articles/4539115d254310559d55d45d3fbcb23e55a35e87,12/9(火) 20:57
2025-12-10,00:09,life,ライフ,13,Harper’s BAZAAR（ハーパーズ バザー）,メーガン妃、「今年のヴィラン（悪役）」に選出される。アメリカで人気者になる計画は失敗...？ セレブ御用達のファッション店舗にディスられる,19,https://news.yahoo.co.jp/articles/30696f0cc7d23be0eebef2bd0898da6a55713f82,12/9(火) 19:20
2025-12-10,00:09,life,ライフ,14,共同通信,浜崎あゆみさん、マカオ公演中止　上海に次ぎ日中関係影響か,18,https://news.yahoo.co.jp/articles/2304d5a2431773be1dfddd7e6361954db1c7c0a9,12/9(火) 21:32
2025-12-10,00:09,life,ライフ,15,まいどなニュース,小魚やオキアミが港に散乱……魚を捨てていく釣り人へ　SNSでの皮肉に賛同続出「食べないなら海に」「マナー悪すぎます」,17,https://news.yahoo.co.jp/articles/93a3d6f8dbbd11293e2f63b3b7be1c9f0cc6d959,12/9(火) 7:05
2025-12-10,00:09,life,ライフ,16,LASISA,「置いても地獄、置かなくても地獄」渋谷区の“ゴミ箱未設置に罰金”条例にSNS賛否の声…「5万払った方がマシ」事業者から悲鳴も,15,https://news.yahoo.co.jp/articles/026ceb3799439946b9cd3a385a65854461a8efd1,12/9(火) 14:33
2025-12-10,00:09,life,ライフ,17,プレジデントオンライン,"「年金は何歳から受け取ればお得か」の答えはたった一つ…日本人が勘違いしている""年金の真実""",14,https://news.yahoo.co.jp/articles/881eb472573dcbf00331b83c004eddfa9c5f1d52,12/9(火) 7:15
2025-12-10,00:09,life,ライフ,18,ファイナンシャルフィールド,未就学児の「子ども3人」とバスに乗車→降車時に「子どもの分も払ってください」と言われビックリ！ 以前“夫と一緒のとき”はタダだったのですが、なぜ有料に!? 意外と知らない基本ルールとは,14,https://news.yahoo.co.jp/articles/db181d1f0823511546fbc1b97209b1c117172707,12/9(火) 13:40
2025-12-10,00:09,life,ライフ,19,ダイヤモンド・オンライン,「指定校推薦の多いMARCHって、正直高学歴って言えなくないですか…？」。高学歴とは一体なにを指しているのか,14,https://news.yahoo.co.jp/articles/45fcbda7c8e51da3bdcebf5316384131a5ab49ae,12/9(火) 7:30
2025-12-10,00:09,life,ライフ,20,webマガジン mi-mollet,早稲田12浪ドキュメンタリーが話題！就活に想像以上の支障も。多浪はアリ？ナシ？,13,https://news.yahoo.co.jp/articles/2a5c19e1d300efe984372d261fb236ffc7847e64,12/9(火) 19:33
2025-12-10,00:09,life,ライフ,21,ENCOUNT,「これは許せん」収穫直前に大量盗難…生産者怒り「盗んで食べたトマトはおいしかったか」,12,https://news.yahoo.co.jp/articles/5881f99273d5362e4b8589914b18dd5e9cfdaef3,12/9(火) 18:06
2025-12-10,00:09,life,ライフ,22,ねとらぼ,9連休で行きたい「人気急上昇の国内旅行先」ランキング！　2位は「大阪市（大阪府）」、1位は？,12,https://news.yahoo.co.jp/articles/c014633475e26faf32e0fa933dd5011fb0050e70,12/9(火) 21:45
2025-12-10,00:09,life,ライフ,23,Hint-Pot,「中身だけ抜き取られます」　温浴施設が注意喚起した「温泉でやっちゃいけないこと」に反響　実は犯罪になる可能性も,12,https://news.yahoo.co.jp/articles/bd4c9026d4bc99e72710ec9631e4c0a1018b3b74,12/9(火) 7:10
2025-12-10,00:09,life,ライフ,24,ねとらぼ,「中古で1億円の家、誰が買えるの？」　東京23区の中古マンション平均価格が“億超え・過去最高”に　「タワマンでもないのに」「狂ってる」,12,https://news.yahoo.co.jp/articles/52d07947efced91e3a56e71ccf03bc190cde2a1c,12/9(火) 7:30
2025-12-10,00:09,life,ライフ,25,産経新聞,空き家は減少し若者の転入目立つ東京・多摩市　好条件がそろいベッドタウンとして再注目,11,https://news.yahoo.co.jp/articles/1dfaff743272b4d4b0d9a37e29a2397bcc78f0f7,12/9(火) 19:00
2025-12-10,00:09,life,ライフ,26,ねとらぼ,「これレベチでうまい」　ケンタッキー新作メニューに人気殺到……　「買いに来たら売り切れ」“販売終了”報告続出「定番メニューにして」,11,https://news.yahoo.co.jp/articles/9b3b0e6967095977cb81441d0df07cdac9eeb1ab,12/9(火) 19:11
2025-12-10,00:09,life,ライフ,27,オリコン,青森県東方沖地震…JR八戸線の被害状況が公開　生々しい写真…「これは仕方ない」「でも折れなかった。凄いぞ八戸線の施工業者！」,11,https://news.yahoo.co.jp/articles/e91dc2e4d6ccb47fb7d7e54ca310467af0bcc2ab,12/9(火) 19:04
2025-12-10,00:09,life,ライフ,28,まいどなニュース,子どもが生まれて、夫だけ寝室を別に→夜泣きに邪魔されず快適！　　そのかわり妻が拒否して、夫婦の営みゼロに…改善策はあるのか？【夫婦関係修復カウンセラーが解説】,10,https://news.yahoo.co.jp/articles/d4eb953cdd8522c12c53ab1152895c34d9caa6be,12/9(火) 11:40
2025-12-10,00:09,life,ライフ,29,HugKum,「お金が理由で塾に通えない子をなくしたい」登録者200万人超の教育チャンネルYouTuber葉一さん、開設のきっかけ、14年間で感じる子どもの変化とは？【前編】,10,https://news.yahoo.co.jp/articles/159dbaa0734e3bdfcdfdcab95cd90d949776c892,12/9(火) 21:30
2025-12-10,00:09,life,ライフ,30,プレジデントオンライン,だったら独身でいればいい…「低収入&受け継ぐ財産ゼロ」の江戸の庶民が貫いたツラさを面白さに変える生き方,10,https://news.yahoo.co.jp/articles/9a09b1708c73fb2d0d9c4d479d54eed6edba23e0,12/9(火) 18:00
2025-12-10,00:09,life,ライフ,31,プレジデントオンライン,「いつかやりたい」は一生できない…医師・和田秀樹「人生後半で必ず後悔する人の共通点」,10,https://news.yahoo.co.jp/articles/8e480df70dbbe5173d78dbb414f5270483112b60,12/9(火) 16:15
2025-12-10,00:09,life,ライフ,32,ENCOUNT,子ども4人連れて外食したら…まさかの980円　「一蘭が激安に」と話題　4児の父が語る物価高の切り札,10,https://news.yahoo.co.jp/articles/fe4c32768e6f798f4bb507a9f0ba767c390c3660,12/9(火) 8:40
2025-12-10,00:09,life,ライフ,33,ねとらぼ,汚れたカエルを洗ってあげたら……　“別カエル級”の大変身に「ビフォーアフターが過ぎるw」「そんな色だったのね」,10,https://news.yahoo.co.jp/articles/7eb09d13b53a33e6a5360875a9f4030c9ab4acd9,12/9(火) 22:05
2025-12-10,00:09,life,ライフ,34,HugKum,【令和ロマン 松井ケムリさんの中学受験】SAPIXではαクラス。ドリルの習慣化のおかげで計算はすごく速くなり勉強は「苦手じゃない」と思えました。,9,https://news.yahoo.co.jp/articles/acec094e78ddc0a6f737a70600750ec0e279412b,12/9(火) 21:40
2025-12-10,00:09,life,ライフ,35,ENCOUNT,キムチに虫が混入しているとの投稿…製造元が否定「中にいたとは考えていない」,9,https://news.yahoo.co.jp/articles/026f20ffc02fd613cc74481c5d01169d32b1e502,12/9(火) 20:12
2025-12-10,00:09,life,ライフ,36,THE GOLD ONLINE（ゴールドオンライン）,「これが最後のチャンスだった」結婚破談で目が覚めた38歳長女。「年金月14万円」70代親の制止を振り切り、実家を出た「涙の決断」,9,https://news.yahoo.co.jp/articles/63f1d36ea6f0e44c4630351bab7269450bad2784,12/9(火) 17:00
2025-12-10,00:09,life,ライフ,37,神戸新聞NEXT,冬場の災害、あらためて備えの確認を　避難時の注意点、避難前にすべきこと,9,https://news.yahoo.co.jp/articles/28b12a9c3dd187fc4db6383f2ff2ea1a0c911dcb,12/9(火) 11:37
2025-12-10,00:09,life,ライフ,38,ウォーカープラス,高級店で「無料の水」はマナー違反？「パンのおかわりが来ない」と文句を言う彼氏にドン引きした夜【漫画】,9,https://news.yahoo.co.jp/articles/3e484f2e8bf145fc5ce9c4a9716bd3c24c178318,12/9(火) 9:15
2025-12-10,00:09,life,ライフ,39,マイナビニュース,"中国人客が減っても訪日需要は揺らがない。""脱中国""で見えてきた日本株・新インバウンド銘柄の本命",8,https://news.yahoo.co.jp/articles/544e38accfe98e2e30b118cefa6a36960be56809,12/9(火) 12:11
2025-12-10,00:09,life,ライフ,40,Hint-Pot,「日本ではそんなこと起こらない」　イタリア人が母国と比較して痛感　日本の駅で「教育されている」と驚いた光景とは,8,https://news.yahoo.co.jp/articles/f78c12f88e61ded16d60e18a8087dbf3b3d7b3d2,12/9(火) 11:27
