scrp_date,scrp_time,genre_en,genre_jp,rank,media_jp,title,comment,link,date_original
2026-05-07,04:39,entertainment,エンタメ,1,SmartFLASH,N/A,146,https://news.yahoo.co.jp/articles/c0995afd9be8d95a090042cfe72bff2513c69124,5/6(水) 17:50
2026-05-07,04:39,entertainment,エンタメ,2,SmartFLASH,N/A,75,https://news.yahoo.co.jp/articles/a0f86582b39f7f1da576ab99cac879a6a03f5036,5/6(水) 15:10
2026-05-07,04:39,entertainment,エンタメ,3,SmartFLASH,N/A,65,https://news.yahoo.co.jp/articles/e89695dfb7e7b344610a493a93da146db77ddcfc,5/6(水) 19:30
2026-05-07,04:39,entertainment,エンタメ,4,文春オンライン,N/A,55,https://news.yahoo.co.jp/articles/c629d3eac8186f5468c02e5746146e0eb305e8bd,5/6(水) 10:12
2026-05-07,04:39,entertainment,エンタメ,5,日刊スポーツ,N/A,48,https://news.yahoo.co.jp/articles/e773854189def19b6236de4a01a71cd8a14265a7,5/6(水) 8:03
2026-05-07,04:39,entertainment,エンタメ,6,スポニチアネックス,N/A,42,https://news.yahoo.co.jp/articles/390d47ef066a7d701b18656a596657678936a426,5/6(水) 17:22
2026-05-07,04:39,entertainment,エンタメ,7,スポーツ報知,N/A,42,https://news.yahoo.co.jp/articles/90ced5d86b66837e5c751eb381159a6f08e20a33,5/6(水) 10:01
2026-05-07,04:39,entertainment,エンタメ,8,TOKYO HEADLINE WEB,N/A,40,https://news.yahoo.co.jp/articles/78d7b8314fc4f93b417c4f0283441ba1948d3a3c,5/6(水) 21:16
2026-05-07,04:39,entertainment,エンタメ,9,CHANTO WEB,N/A,40,https://news.yahoo.co.jp/articles/547e225a68700dd6938fd1a6f20436fdf32664ef,5/6(水) 11:50
2026-05-07,04:39,entertainment,エンタメ,10,日刊スポーツ,N/A,39,https://news.yahoo.co.jp/articles/5385649e26257b8a7c04be3296a82bf8fbb82660,5/6(水) 20:35
2026-05-07,04:39,entertainment,エンタメ,11,日刊スポーツ,N/A,37,https://news.yahoo.co.jp/articles/e981598b6910358c81a0ce952d9d3492a1c7b1fc,5/6(水) 11:30
2026-05-07,04:39,entertainment,エンタメ,12,双葉社 THE CHANGE,N/A,36,https://news.yahoo.co.jp/articles/395cf521e8b2949b342f4c4262d8bc1f2d1e1600,5/6(水) 11:30
2026-05-07,04:39,entertainment,エンタメ,13,日刊スポーツ,N/A,36,https://news.yahoo.co.jp/articles/67a5e6e1f0c407f489d6be65e35786f5b12c47dc,5/6(水) 16:24
2026-05-07,04:39,entertainment,エンタメ,14,日刊スポーツ,N/A,36,https://news.yahoo.co.jp/articles/5e34a75ce444651b5f59d7e6f31572d5394e4bd1,5/6(水) 13:33
2026-05-07,04:39,entertainment,エンタメ,15,西スポWEB OTTO！,N/A,35,https://news.yahoo.co.jp/articles/b768aa40987e549421f24e2add54dc2f0af07243,5/6(水) 10:30
2026-05-07,04:39,entertainment,エンタメ,16,J-CASTニュース,N/A,30,https://news.yahoo.co.jp/articles/3d6771c2f95b12a466d35691db1823b1abd88c39,5/6(水) 11:30
2026-05-07,04:39,entertainment,エンタメ,17,エンタメNEXT,N/A,29,https://news.yahoo.co.jp/articles/953c64577a5cf2fa330ab8d3d0a13f3a18f16188,5/6(水) 13:00
2026-05-07,04:39,entertainment,エンタメ,18,ENCOUNT,N/A,28,https://news.yahoo.co.jp/articles/a44c28bf7ff6bc27f8c8029e6351f8ce4eea5606,5/6(水) 19:04
2026-05-07,04:39,entertainment,エンタメ,19,ENCOUNT,N/A,26,https://news.yahoo.co.jp/articles/2dd6400d7ead2bb9a231ee90924d876b2c5c89b7,5/6(水) 14:03
2026-05-07,04:39,entertainment,エンタメ,20,女性自身,N/A,22,https://news.yahoo.co.jp/articles/d11fec732477651c65636ccb45c3a6eb41c54949,5/6(水) 19:00
2026-05-07,04:39,entertainment,エンタメ,21,SmartFLASH,N/A,22,https://news.yahoo.co.jp/articles/f768044aeeab11d56a2ba70ee40bb80f8954a29a,5/6(水) 19:20
2026-05-07,04:39,entertainment,エンタメ,22,ENCOUNT,N/A,20,https://news.yahoo.co.jp/articles/057618be15bfe3ccbf6dfc4e4782fa20f71ff89e,5/6(水) 18:08
2026-05-07,04:39,entertainment,エンタメ,23,日刊スポーツ,N/A,19,https://news.yahoo.co.jp/articles/4dfebb10c459c8d16e96299f1533b64121e9131a,5/6(水) 12:16
2026-05-07,04:39,entertainment,エンタメ,24,女性自身,N/A,19,https://news.yahoo.co.jp/articles/b9e418eb654b5f47fe5b61cbff9bcfc88050c9ce,5/6(水) 16:00
2026-05-07,04:39,entertainment,エンタメ,25,CHANTO WEB,N/A,18,https://news.yahoo.co.jp/articles/e28c04e4e2a375cf9754774105e0628158b52627,5/6(水) 20:00
2026-05-07,04:39,entertainment,エンタメ,26,スポーツ報知,N/A,17,https://news.yahoo.co.jp/articles/94240526ab04a74bedbae624856c5e4951f0f8d8,5/6(水) 13:55
2026-05-07,04:39,entertainment,エンタメ,27,スポーツ報知,N/A,17,https://news.yahoo.co.jp/articles/48db59338bb3eda6051a75928d2e4c99385a1986,5/6(水) 17:31
2026-05-07,04:39,entertainment,エンタメ,28,日刊スポーツ,N/A,17,https://news.yahoo.co.jp/articles/00f0b9ea7248e77c80778c3c5eb89f3bab800ebb,5/6(水) 19:59
2026-05-07,04:39,entertainment,エンタメ,29,SmartFLASH,N/A,17,https://news.yahoo.co.jp/articles/c97df2defccdb1c0e75872d7cd88749f09109f7e,5/6(水) 18:30
2026-05-07,04:39,entertainment,エンタメ,30,スポーツ報知,N/A,17,https://news.yahoo.co.jp/articles/930c0b747cdef0fd10643357a895f6b6ab86ec4c,5/6(水) 19:51
2026-05-07,04:39,entertainment,エンタメ,31,日刊スポーツ,N/A,17,https://news.yahoo.co.jp/articles/19718589ef0592fdc273024f3b0cad5a9bfec1bc,5/6(水) 9:19
2026-05-07,04:39,entertainment,エンタメ,32,西スポWEB OTTO！,N/A,17,https://news.yahoo.co.jp/articles/54038936d876a72d22dc715b604af8fb0f917809,5/6(水) 11:33
2026-05-07,04:39,entertainment,エンタメ,33,スポーツ報知,N/A,16,https://news.yahoo.co.jp/articles/45d99aa5a2ba73538ca8e5687f85cfae5960b26e,5/6(水) 5:00
2026-05-07,04:39,entertainment,エンタメ,34,オリコン,N/A,16,https://news.yahoo.co.jp/articles/2acb33d5c5183919b1c7f1e0ccce364952f3a4b6,5/6(水) 14:32
2026-05-07,04:39,entertainment,エンタメ,35,西スポWEB OTTO！,N/A,16,https://news.yahoo.co.jp/articles/4755da2ff4c9c18417e98b18cccadbf63b29bd01,5/6(水) 22:40
2026-05-07,04:39,entertainment,エンタメ,36,女性自身,N/A,15,https://news.yahoo.co.jp/articles/32c16efbbc711f0c2d84818a9f0f4b133fdd7380,5/6(水) 18:45
2026-05-07,04:39,entertainment,エンタメ,37,日刊スポーツ,N/A,15,https://news.yahoo.co.jp/articles/c8bae1dded5c5ebfd0060940c523f89c4428d448,5/6(水) 14:36
2026-05-07,04:39,entertainment,エンタメ,38,デイリースポーツ,N/A,15,https://news.yahoo.co.jp/articles/86f1363233f2af70c05b3c14510823f49dad7a39,5/6(水) 21:33
2026-05-07,04:39,entertainment,エンタメ,39,スポーツ報知,N/A,14,https://news.yahoo.co.jp/articles/5dbaddd1d5fa4447b66a3557116a41d1f50cb6f2,5/6(水) 15:39
2026-05-07,04:39,entertainment,エンタメ,40,スポーツ報知,N/A,13,https://news.yahoo.co.jp/articles/0a9a97a51ddb42822fc2c6611af1dbc3914929c8,5/6(水) 11:50
