scrp_date,scrp_time,genre_en,genre_jp,rank,media_jp,title,comment,link,date_original
2025-11-29,09:34,TTL,総合,1,時事通信,廃止決定も、見えぬ代替財源　穴埋め策決まらず　ガソリン暫定税率,1125,https://news.yahoo.co.jp/articles/af9d6b2afac910d2f18ea594650e5db99a347759,11/29(土) 7:19
2025-11-29,09:34,TTL,総合,2,産経新聞,中国大使館、自民党の石破茂前首相の発言「台湾は中国の一部。変えてはならない」をX投稿,1109,https://news.yahoo.co.jp/articles/7232f8d56d427cff69c4e8a33197ece1aa4ad28f,11/29(土) 7:00
2025-11-29,09:34,TTL,総合,3,時事通信,市場で強まる「12月利上げ」観測　日銀が見送れば円安加速も,428,https://news.yahoo.co.jp/articles/2e04ec2b51af8cc20ac541ac30ac1c5e508ffcb1,11/29(土) 7:24
2025-11-29,09:34,TTL,総合,4,京都新聞,【独自】連れ子に性的暴行で起訴、男性に無罪判決　被害証言が一転「合理的な疑い残る」,406,https://news.yahoo.co.jp/articles/a1b0463b7f5ea30faf1e6f1cb12bd8236bcca3b6,11/29(土) 7:00
2025-11-29,09:34,TTL,総合,5,日刊スポーツ,中国駐日大使Ｘ「70年以上、中国は一度も自ら戦争や衝突を起こしたことがない」に反論殺到,396,https://news.yahoo.co.jp/articles/31bf32a15b93b00190b33524dfcb3075d9d5a5c1,11/29(土) 8:02
2025-11-29,09:34,TTL,総合,6,東スポWEB,【巨人】オコエ瑠偉〝電撃退団〟は温情措置　１０年前からＭＬＢ志向も…羽ばたけるか,338,https://news.yahoo.co.jp/articles/881d1f6501783c088407335c02eb8a5377e3575d,11/29(土) 5:15
2025-11-29,09:34,TTL,総合,7,産経新聞,＜独自＞東北大、外国人留学生の学費を1・7倍に引き上げへ　日本の学生と「差別化」,327,https://news.yahoo.co.jp/articles/a4eb5dd672078b11241014375ba37d5e2caf217d,11/29(土) 7:48
2025-11-29,09:34,TTL,総合,8,日刊スポーツ,舛添要一氏明言「日本は亡国への道をひた走り」「相対的国力は中国が増大し日本が低下している」,319,https://news.yahoo.co.jp/articles/7cdc6fb40965f97083b9ee400b56fbf926930426,11/29(土) 8:02
2025-11-29,09:34,TTL,総合,9,弁護士ドットコムニュース,「怒りに震えて涙が出た」 同性婚認めず「合憲」判断に原告が反発 「差別的な判決だ」,315,https://news.yahoo.co.jp/articles/1f998408f2d2e9fa9e58e282b084596ffe7dc6ab,11/28(金) 17:45
2025-11-29,09:34,TTL,総合,10,共同通信,スナックに政治資金31万円　上野厚労相の資金管理団体,255,https://news.yahoo.co.jp/articles/b9915262ac71ce2a6c4c130a0d15111157110838,11/29(土) 5:06
2025-11-29,09:34,TTL,総合,11,みんかぶマガジン,相次ぐ中国公演中止に歌手ら高市首相に怒り「黙るな。怒れ。抗議しろ」…「中国経済3重苦」これは発言への単純反応ではない,217,https://news.yahoo.co.jp/articles/4ed51bb401f60f35a72658b3fa949e186945c400,11/29(土) 9:10
2025-11-29,09:34,TTL,総合,12,日刊スポーツ,橋下徹氏　高市首相“台湾有事”発言に「政治家失言で一部でも仕事キャンセルになっていいのか」,210,https://news.yahoo.co.jp/articles/5e3812752b764f4424a773d42861190bae347d09,11/28(金) 20:02
2025-11-29,09:34,TTL,総合,13,日刊スポーツ,ひろゆき氏投稿「中国が台湾省を軍事力で確保しようとした時どうやって八重山の人達を守るの？」,179,https://news.yahoo.co.jp/articles/9143bcc666444ca9e66f45ea1e98ed769854eca6,11/29(土) 7:07
2025-11-29,09:34,TTL,総合,14,ABEMA TIMES,「日本が戦争に一歩踏み出す危機感」官邸前で抗議デモ 高市総理“台湾有事”発言の撤回求める 中国メディアの姿も,162,https://news.yahoo.co.jp/articles/f02c4e38241b5ff7794b527e7569cbfa5a3afed9,11/28(金) 21:15
2025-11-29,09:34,TTL,総合,15,AERA DIGITAL,コメ農家「『ごめんなさい』と謝ってコメを売っている」　農機具で節税対策も2000万円コンバインは2年待ち,160,https://news.yahoo.co.jp/articles/668291912e0797535835e8520f9da321be54930e,11/29(土) 8:30
2025-11-29,09:34,TTL,総合,16,東洋経済オンライン,「六麓荘でスゴイ家、欲しい」と中国人富裕層が次々と買い占め、ご近所トラブルも…日本一の高級住宅街《芦屋》が“チャイナタウン化”の異変,159,https://news.yahoo.co.jp/articles/952cc2db11007174e3119d69db47aa5189c6652b,11/29(土) 6:30
2025-11-29,09:34,TTL,総合,17,テレ東BIZ,独自　中国BYDが日本初のPHVを３９８万円で販売へ　国内勢より１００万円以上の割安,139,https://news.yahoo.co.jp/articles/de19ef9487e59648be2c708179ef930420ee8571,11/28(金) 22:08
2025-11-29,09:34,TTL,総合,18,時事通信,英仏に台湾問題で支持要求　中国外相、日本に圧力,137,https://news.yahoo.co.jp/articles/342f85f5f941b6fd5e4db1e4831b80fa7e7d1840,11/29(土) 6:09
2025-11-29,09:34,TTL,総合,19,BSS山陰放送,「車検切れで自賠責保険未加入のヴォクシーに別車両のナンバープレートを取り付けてまで運転しようとした」極めて悪質と検察側が指摘　小学生を横断歩道ではね、高校生をひき逃げ、無免許運転…3度逮捕の無職の男（75）に懲役3年6か月求刑,136,https://news.yahoo.co.jp/articles/47bd57100a47f1dd7c31034a4f1cb5514e56a37e,11/29(土) 5:52
2025-11-29,09:34,TTL,総合,20,スポニチアネックス,浜崎あゆみ　上海公演が前日に急きょ中止　要請受け苦渋決断「信じられず言葉になりません」悲痛思い吐露,131,https://news.yahoo.co.jp/articles/5245cb072737159ca638cc44819a367c7e2c3941,11/28(金) 16:19
2025-11-29,09:34,TTL,総合,21,スポーツ報知,【巨人】オコエ瑠偉が退団　双方合意の上で保留者名簿を外れると発表　海外挑戦を含めて選択肢を広げるため,128,https://news.yahoo.co.jp/articles/b37a74da7eea45ac29140045b42cd70869333c5e,11/28(金) 15:34
2025-11-29,09:34,TTL,総合,22,ABEMA TIMES,「おこめ券知られていない」農水省が説明会実施へ 「税金でおこめ券配ると、発行2団体に利益集中するのでは？」記者の問いに鈴木農水大臣の答えは,126,https://news.yahoo.co.jp/articles/c14b7a2eb10db10d34bcea76cd92b80fc936b705,11/28(金) 10:42
2025-11-29,09:34,TTL,総合,23,毎日新聞,関学大の「兵庫知事ミーティング」直前に非公開に　教授が授業に招待,123,https://news.yahoo.co.jp/articles/831b53af00bce9e9331348f67bb382e9be997707,11/29(土) 8:15
2025-11-29,09:34,TTL,総合,24,朝日新聞,スリランカ人男性の強制送還「中止を」　野党議員らが入管庁に要請,115,https://news.yahoo.co.jp/articles/b05b9f5e68f126aeccdf68b60980429a79087cba,11/28(金) 19:00
2025-11-29,09:34,TTL,総合,25,AERA DIGITAL,古巣・広島はなぜ「前田健太」にオファーを出さなかったのか？　知られざる「舞台裏」,113,https://news.yahoo.co.jp/articles/d343f42a221e4aa5a221ef4750c994997623d46e,11/29(土) 8:30
2025-11-29,09:34,TTL,総合,26,毎日新聞,同性婚訴訟、2審で初の「合憲」判決　他5件は「違憲」　判断割れる,113,https://news.yahoo.co.jp/articles/1c0e5b15ca5ad0e7486b571a893ed0289e8870ca,11/28(金) 11:14
2025-11-29,09:34,TTL,総合,27,産経新聞,「中国との関係なくして、わが国成り立つか」石破氏　昨年の衆院解散「やりたくなかった」,113,https://news.yahoo.co.jp/articles/d588314c482d5c5a05e21d3032f3919a9286113c,11/29(土) 7:00
2025-11-29,09:34,TTL,総合,28,プレジデントオンライン,高市首相は本当に「保守政治家」なのか…「台湾有事」よりもずっと深刻、日本の安全保障を揺るがす大問題,111,https://news.yahoo.co.jp/articles/132e0397f1c699b47cdf9d3d2518b7033ff35065,11/29(土) 8:15
2025-11-29,09:34,TTL,総合,29,日テレNEWS NNN,中学生が友人切りつけ　学校側が会見　テスト中に小競り合い“これまでトラブル確認されず”,110,https://news.yahoo.co.jp/articles/0b7c0c51aba2a92e5685d133b2764f85224a7bd9,11/28(金) 22:11
2025-11-29,09:34,TTL,総合,30,産経新聞,浜崎あゆみさん、29日の中国上海公演を要請受けて中止　「知識ない部分に口出ししない」,104,https://news.yahoo.co.jp/articles/bece984f4f58b25f1c8adde2a5b0d6c5397eeab4,11/29(土) 7:00
2025-11-29,09:34,TTL,総合,31,ABEMA TIMES,「日本にレアアース来なければ中国は精製できない」「“旧敵国条項”明らかなやりすぎ」立憲・原口議員がキレキレ 岡田氏質問への批判は「真摯に受け取る」,102,https://news.yahoo.co.jp/articles/3192d9c7e5f7ae9f70ef6225d816878296ad76b4,11/28(金) 15:36
2025-11-29,09:34,TTL,総合,32,スポニチアネックス,巨人・オコエが電撃退団　22年現役ドラフトで加入も練習態度など問題視され合意の上自由契約に,101,https://news.yahoo.co.jp/articles/48cb400f0d14951631a6ffb29c88bdca01b24752,11/29(土) 5:30
2025-11-29,09:34,TTL,総合,33,デイリー新潮,“キムタク売れ”で「980円フリース」が売上激増　25倍の値段で転売横行も…ワークマンが「特に怒っている」理由,100,https://news.yahoo.co.jp/articles/cdbb4c69628c66fd7b90ce5f4a5beb6263b413b2,11/28(金) 10:59
2025-11-29,09:34,TTL,総合,34,テレビ朝日系（ANN）,NHK党・立花孝志被告が起訴　元兵庫県議の妻心境語る,99,https://news.yahoo.co.jp/articles/9380a7708313a5f2f6ee3796a7a96828a3e6f4ef,11/29(土) 5:53
2025-11-29,09:34,TTL,総合,35,オリコン,NiziU、誹謗中傷・虚偽事実記載に声明「改めてご注意をお願い致します」　法的対応を検討中,98,https://news.yahoo.co.jp/articles/12580b23967aad81ca6b7661a0b755f617e8963d,11/28(金) 23:27
2025-11-29,09:34,TTL,総合,36,日刊スポーツ,井川意高氏私見「台湾騒動で最も醜悪醜怪に見えることは普段平和だ人権だと叫んでいる連中が…」,97,https://news.yahoo.co.jp/articles/6c65d6e32bf5d1b51286942ed3a09c1cc6c166ae,11/29(土) 7:35
2025-11-29,09:34,TTL,総合,37,オリコン,たけし×ナイナイ“漫才最高峰の祭典”『THE MANZAI』12・7放送　ザ・ぼんちが44年ぶり出演,95,https://news.yahoo.co.jp/articles/e1d80ee7aa3a8d5d095b6e75f9fcd14c477494c0,11/29(土) 5:30
2025-11-29,09:34,TTL,総合,38,RONSPO,「自信が増してワクワク」崖っぷち角田裕毅がスプリント予選でフェルスタッペン超えの5番手快挙にノリノリ…“ハジャー推し”マルコ氏が「急に速くなったわけではない」と珍しく称える,93,https://news.yahoo.co.jp/articles/58dde3de43ae1b393e18a15aff141079103e81cd,11/29(土) 8:26
2025-11-29,09:34,TTL,総合,39,TBS NEWS DIG Powered by JNN,ANA 65便欠航　約9400人に影響　使用機体の整備作業のため　欧州航空安全庁がエアバス319・320・321型機に整備を指示,91,https://news.yahoo.co.jp/articles/b85138a68be76f34511475c4edc0c93b5117148d,11/29(土) 6:38
2025-11-29,09:34,TTL,総合,40,ロイター,中国政府、27日にも日本批判　台湾で一線越えれば「手痛い代償払う」と国防省,90,https://news.yahoo.co.jp/articles/c673f2222f51568151a1bd7a9a57c7f2d855cc1f,11/28(金) 11:50
