scrp_date,scrp_time,genre_en,genre_jp,rank,media_jp,title,comment,link,date_original
2024-01-09,17:23,life,ライフ,1,Hint-Pot,成人式の振袖「着てないのは私だけだった」　縁遠かった華やかな装い　母となった今、娘には「選択肢を」,76,https://news.yahoo.co.jp/articles/973de80392bf2f4f0688ff0ec761d65e5b1d54e9,1/9(火) 10:06
2024-01-09,17:23,life,ライフ,2,読売新聞オンライン,大人の睡眠「６時間以上」推奨…「寝だめ」は健康リスク、就寝１～２時間前の入浴で寝つき良く,57,https://news.yahoo.co.jp/articles/a1317f030db82153611bb912b62e12e4755d4cfc,1/9(火) 12:56
2024-01-09,17:23,life,ライフ,3,ENCOUNT,工場勤務の女性　21歳で貯金でトヨタ86購入、両親「マジっ!?」　中学からの夢「絶対にスポ車に乗りたい！」,34,https://news.yahoo.co.jp/articles/507823dd4303ecf632723108c51cd53e2f3730d4,1/9(火) 10:20
2024-01-09,17:23,life,ライフ,4,BuzzFeed Japan,「レシートに赤い線があったら大当たり！」…それってもしかして…。ガソリンスタンドのとあるキャンペーンが「考えた人天才すぎる」「ポジティブな変換好き」と大絶賛,34,https://news.yahoo.co.jp/articles/00edd420f3cfcb78a525622bcacd076b49490429,1/9(火) 16:00
2024-01-09,17:23,life,ライフ,5,THE GOLD ONLINE（ゴールドオンライン）,"「5,000万円のタンス預金」が税務調査でバレて…几帳面な夫を亡くした50歳・専業主婦の妻、課された「追徴課税額」に絶句【税理士が解説】",26,https://news.yahoo.co.jp/articles/f1512ebda1ddcf5814551eeffdd68a8513258031,1/9(火) 11:16
2024-01-09,17:23,life,ライフ,6,KURU KURA（くるくら）,原付免許で125ccバイクの運転も可能に!? 2025年11月までの法改正で新基準導入へ！,22,https://news.yahoo.co.jp/articles/f8d6fa88ce2deb1c0c8aec43982493d62ed35737,1/9(火) 12:11
2024-01-09,17:23,life,ライフ,7,日刊ゲンダイDIGITAL,「青学」「中央」「駒澤」の動向は…箱根駅伝と志願者数の気になる相関関係,20,https://news.yahoo.co.jp/articles/99757f985ed565bf0a8df5a04bf46bb7306c2dd7,1/9(火) 9:06
2024-01-09,17:23,life,ライフ,8,フィガロジャポン,「謙虚さと誇りを示す」新年に公開された天皇の写真、フランスではどう報じられた？,17,https://news.yahoo.co.jp/articles/6131b910de82b948c913467f9f452ea019ddab49,1/9(火) 15:00
2024-01-09,17:23,life,ライフ,9,ファイナンシャルフィールド,ママ友に「お金の無駄だしPTA会費は払ってない」と言われましたが、みんな平等に払うものではないんですか？,17,https://news.yahoo.co.jp/articles/0c2c282164ee37ad2c1cdcc7a62153cd3f9ba6da,1/9(火) 12:30
2024-01-09,17:23,life,ライフ,10,女子SPA！,地方企業の暗黙ルール=「男性のカップは女性が洗う」従わず呼び出された40代独身女性の“決断”,15,https://news.yahoo.co.jp/articles/ed13851b48466307e6f1356fc8db1b0aa7716323,1/9(火) 8:47
2024-01-09,17:23,life,ライフ,11,日刊ゲンダイDIGITAL,信用できない北陸電力の「問題ない」…よぎる25年前、志賀原発の重大事故隠蔽工作,15,https://news.yahoo.co.jp/articles/7704c4ed1d399c0cacb02d191c7e2cce0cc7c871,1/9(火) 14:00
2024-01-09,17:23,life,ライフ,12,共同通信,「光る君へ」は12.7％　NHK大河、初回過去最低,14,https://news.yahoo.co.jp/articles/3f0ce8a8f979f8f3c94fb03e575a925655e18bec,1/9(火) 11:01
2024-01-09,17:23,life,ライフ,13,オトナンサー,デメリットばかりじゃない！　敬遠されがちなマンションの「1階」物件、5つのメリットを不動産のプロが伝授,13,https://news.yahoo.co.jp/articles/3425fbe7c0023cae58cad2fb3faef94978e5e485,1/9(火) 9:10
2024-01-09,17:23,life,ライフ,14,ファイナンシャルフィールド,娘の学校のための「ベルマーク」集めで無駄な出費が激しい…。ベルマークは100枚集めていくらになるのでしょうか？,12,https://news.yahoo.co.jp/articles/255d71834e33c45b15fafd45f1b9b08bd6e9e266,1/9(火) 11:20
2024-01-09,17:23,life,ライフ,15,現代ビジネス,日本人は誤解している…小さい頃から「落ちこぼれ」に冷たいイギリスの学校の「シビアな現実」,12,https://news.yahoo.co.jp/articles/9cb02a900b462ed293b8869027b2cc019dda0cdb,1/9(火) 8:03
2024-01-09,17:23,life,ライフ,16,FORZA STYLE,「先生、卒業したら彼女になって…」実は迷惑でしかない。女教師が語る「生徒との恋愛」禁断の事情,11,https://news.yahoo.co.jp/articles/ced663b05299ffc0ce8bce69b97358f638103ae1,1/9(火) 6:57
2024-01-09,17:23,life,ライフ,17,AUTO BILD JAPAN Web,【クラッシュ！！！】納車されたばかりの「テスラ サイバートラック」がカリフォルニアでトヨタ カローラと衝突！,9,https://news.yahoo.co.jp/articles/f2ad34cba08f0f16b402c3ce45b85e068d5779d1,1/9(火) 8:30
2024-01-09,17:23,life,ライフ,18,FORZA STYLE,「何を話しても10秒で飽きる…」年末年始もスマホ三昧。ショート動画中毒にされた中高生を憂う、現役教師の「怖すぎる予言」,9,https://news.yahoo.co.jp/articles/bf0b7be4d037808f3decb43ebf75c142954c680b,1/9(火) 6:51
2024-01-09,17:23,life,ライフ,19,まいどなニュース,恋人がいない20代「恋愛はしたいけれど、積極的に恋活はしていない」　積極的になれない理由は？,9,https://news.yahoo.co.jp/articles/6754f039b9d5f330fd4639c1ebba2cfc73fafb55,1/9(火) 11:35
2024-01-09,17:23,life,ライフ,20,週刊SPA!,職場では、第一印象が“悪い”ほうが実は「最終的にモテる」4つの理由,8,https://news.yahoo.co.jp/articles/2feb3bdc47a8e8ee7fcbfd32d7e32441f789d821,1/9(火) 15:55
2024-01-09,17:23,life,ライフ,21,産経新聞,入試最前線2024　数学なしでも　人気のデータサイエンス系、私大の半数で受験可能,8,https://news.yahoo.co.jp/articles/7bb4be050448cea4ea4e33ff1f9782c6bdd61f5f,1/9(火) 9:41
2024-01-09,17:23,life,ライフ,22,THE GOLD ONLINE（ゴールドオンライン）,“完全リタイア”を果たした投資家YouTuberが忠告！〈新NISA〉でハイリターンを狙うなら「手を出してはいけない」投資信託,8,https://news.yahoo.co.jp/articles/facf80429ffc8b75d082b5ecc7ba88379ae34d75,1/9(火) 11:02
2024-01-09,17:23,life,ライフ,23,Hint-Pot,シンクの排水溝に流してしまいがちな熱湯　掃除のプロが警鐘を鳴らす理由とは,8,https://news.yahoo.co.jp/articles/4e7ddf13d75bd5247a54d2669a12cd912bbfec93,1/9(火) 9:29
2024-01-09,17:23,life,ライフ,24,JBpress,単なる教育か、それとも…上杉謙信はなぜ、幼い頃に林泉寺に入れられたのか？,8,https://news.yahoo.co.jp/articles/20e8bae6e8f2a9da803bc5eae6dea9d8da25a8be,1/9(火) 12:02
2024-01-09,17:23,life,ライフ,25,FORZA STYLE,イケオジとダサオジのダウンジャケットの着こなしはここが違った！ やらかしオジサンの残念ポイント３選,8,https://news.yahoo.co.jp/articles/bf45c2c41a265208409a599ac62b59d9059ea5cf,1/9(火) 7:02
2024-01-09,17:23,life,ライフ,26,ENCOUNT,避難所に次々届くガーベラの花「少しでも心の慰めになれば」　地元花店の行動にSNS注目,8,https://news.yahoo.co.jp/articles/281266a78c251f185c7b344c7fde8bde33f02435,1/9(火) 13:01
2024-01-09,17:23,life,ライフ,27,ファイナンシャルフィールド,大学受験で子どもが浪人したら……教育費は追加でいくら必要？,7,https://news.yahoo.co.jp/articles/6e678eee0f5827e27173ec6067700235b12da859,1/9(火) 16:10
2024-01-09,17:23,life,ライフ,28,ソトラバ,車中泊で出たゴミはどうする？　知っているようで知らない「ゴミ問題」の解決策5選,7,https://news.yahoo.co.jp/articles/940f69622a338e9c3009181a17b21d584f973692,1/9(火) 15:10
2024-01-09,17:23,life,ライフ,29,LIMO,ワークマン「毎年即完の高機能防寒アウター」見つけたら買い！の売れ筋。,7,https://news.yahoo.co.jp/articles/e42e919aed20fafd43bc0668cb826da66eb209e1,1/8(月) 21:47
2024-01-09,17:23,life,ライフ,30,週刊女性PRIME,還暦を迎える『かっぱえびせん』赤から白にしたら売り上げ大幅ダウン！ロングヒットの秘密,7,https://news.yahoo.co.jp/articles/5b8b351413d1d72490723220123e9e7acd54d36e,1/9(火) 12:42
2024-01-09,17:23,life,ライフ,31,歴史人,太宰治を殺したのは「所得税」だった！？　太宰を追いつめた「莫大な税金」の金額とは,7,https://news.yahoo.co.jp/articles/9a9e18c1557a75ad4792f7ce1267f0f50a2896c0,1/9(火) 12:00
2024-01-09,17:23,life,ライフ,32,ねとらぼ,【OLが選ぶ】「アイスコーヒー」が一番おいしいと思うコーヒーチェーンランキング！　2位は「スターバックス コーヒー」、1位は？【1月9日はジャマイカ ブルーマウンテンコーヒーの日】,7,https://news.yahoo.co.jp/articles/aa3ce2c41b278996be382a4b1428e86ec38b2bf0,1/9(火) 12:40
2024-01-09,17:23,life,ライフ,33,ねとらぼ,「かわいいのはだれ？」→ 小1男子の回答は……　まさかの“お母さん大満足の名回答”に「これは宝」「額に入れて飾りたい」,7,https://news.yahoo.co.jp/articles/8c19a962f684c3ff14041c9d5476ec1f2391ba21,1/8(月) 20:30
2024-01-09,17:23,life,ライフ,34,産経新聞,佳子さま、国立能楽堂で「手話狂言」ご覧　手話で感想お伝えに,7,https://news.yahoo.co.jp/articles/24f07cd2e4a9acd61b3abf98743b99b7caf5f870,1/9(火) 11:15
2024-01-09,17:23,life,ライフ,35,歴史人,無職の父のせいで婚期を逃し、約20歳差で結婚… 紫式部の「みじめな家系」とは？,6,https://news.yahoo.co.jp/articles/62c2cd97bc316b7eaa6738ec45a72cf1d1f78434,1/9(火) 16:30
2024-01-09,17:23,life,ライフ,36,WEBヤングマシン,DIYバイクメンテのコツ。ベアリング交換がぽんっと秒で終わる方法教えます!【冬の風物詩活用】,6,https://news.yahoo.co.jp/articles/e5164b8dfb150f8691d8d468432b96ac704ab4b2,1/8(月) 19:40
2024-01-09,17:23,life,ライフ,37,ねとらぼ,【大阪府民が選ぶ】「子どもを入学させたい大阪府の私立高校」ランキング！　第2位は「近畿大学附属高校」、1位は？,6,https://news.yahoo.co.jp/articles/7f3cca4d40fa5b37cf1db708cee2f0cb45bfdb01,1/9(火) 9:35
2024-01-09,17:23,life,ライフ,38,KURU KURA（くるくら）,クルマ好きも納得？ デザインが良いコンパクトカー3選。,6,https://news.yahoo.co.jp/articles/62dcc15ac54d33e388f24fcdc614ecc1b9263a85,1/8(月) 20:10
2024-01-09,17:23,life,ライフ,39,with online,就職氷河期世代の親が中学受験を激化させている？「中学受験なんてしてもしなくてもいい」受験の専門家・にしむら先生が断言するワケ,6,https://news.yahoo.co.jp/articles/36b3e03670432e8016cae6a57f81cd2d01ac550b,1/8(月) 19:20
2024-01-09,17:23,life,ライフ,40,オトナンサー,【美容院】シャンプー中に「かゆいところはないですか」と尋ねるのはなぜ？　美容師に聞いてみたら“明確な理由”があった,6,https://news.yahoo.co.jp/articles/6b57177eb5e26fd11b2195212d244a389d3f91b8,1/8(月) 20:10
